ratio_blanc ratio_bord ratio_bernique ratio_alteration big/black big/white black/white x_max
2,1790907 3,8564534 2,1657023 3,091667 278,3280423 6,086664738 0,021868672 195,867
1,4867411 1,5025269 2,6890435 2,9219878 298,193128 15,19226126 0,050947724 191,184
1,2009832 2,165945 2,5488393 2,036787 215,1648461 15,22635278 0,070765987 189,582
1,0251884 1,673566 1,8253388 1,1442261 8,728378808 44,55799508 5,104956608 136,504
3,4370615 2,4135551 1,3285981 1,4334804 21,76592298 114,0883829 5,241605558 167,531
0,97720414 3,323021 2,324799 2,7047558 54,79420617 67,22501731 1,226863605 166,125
1,9422418 2,1933 2,1074963 3,1615107 21,79548528 180,8262324 8,296499488 152,266
0,92818093 2,3383603 1,2136859 1,3087606 29,90107226 65,20086271 2,180552662 184,609
0,34203178 0,21054222 0,4031038 0,59400076 14,89457311 5,217970453 0,350326956 188,938
0,21284355 0,26949337 0,4251509 0,64254755 8,279482638 5,6031277 0,67674853 172,203
0,3668607 0,37906176 0,38850167 0,54947835 24,718145 12,54669498 0,507590476 193,164
0,2693268 0,21761477 0,53966624 0,789734 6,106679927 15,13835033 2,478982116 166,379
0,39860395 0,45760557 0,4462357 0,76267254 10,29750953 28,8484364 2,801496451 180,926
0,20759627 0,5944084 0,8203151 0,18865523 2,450622904 5,230295275 2,134271766 212,859
0,5873955 0,55422294 0,34827703 0,47382927 1,049603304 12,30398323 11,7225081 155,754
0,29506508 0,3093632 1,0817771 0,9119816 1,049603304 12,30398323 11,7225081 155,754
0,2268609 0,34729776 0,6619509 0,8943382 2,488009043 147,6699909 59,35267452 169,641
